CCAT:1	-8.10769031284391
ECAT:1	-Infinity
GCAT:1	-Infinity
MCAT:1	-8.90668134500126
